   1    1  6.03e-11  1.00e+00  1.00e+00  0.00e+00  0.00e+00  0.00e+00  0.00e+00 
   2    1  1.07e-10  1.54e+00  1.54e+00  0.00e+00  0.00e+00  0.00e+00  1.00e+00 
   3    1  9.46e-11  2.08e+00  2.08e+00  0.00e+00  0.00e+00  0.00e+00  2.00e+00 
   4    1  7.94e-11  2.62e+00  2.62e+00  0.00e+00  0.00e+00  0.00e+00  3.00e+00 
   5    1  1.92e-10  3.17e+00  3.17e+00  0.00e+00  0.00e+00  0.00e+00  4.00e+00 
   6    1  2.21e-10  3.71e+00  3.71e+00  0.00e+00  0.00e+00  0.00e+00  5.00e+00 
   7    1  1.45e-10  4.25e+00  4.25e+00  0.00e+00  0.00e+00  0.00e+00  6.00e+00 
   8    1  1.67e-10  4.79e+00  4.79e+00  0.00e+00  0.00e+00  0.00e+00  7.00e+00 
   9    1  2.23e-10  5.33e+00  5.33e+00  0.00e+00  0.00e+00  0.00e+00  8.00e+00 
  10    1  3.26e-10  5.87e+00  5.87e+00  0.00e+00  0.00e+00  0.00e+00  9.00e+00 
  11    1  4.80e-10  6.42e+00  6.42e+00  0.00e+00  0.00e+00  0.00e+00  1.00e+01 
  12    1  3.99e-10  6.96e+00  6.96e+00  0.00e+00  0.00e+00  0.00e+00  1.10e+01 
  13    1  2.82e-10  7.50e+00  7.50e+00  0.00e+00  0.00e+00  0.00e+00  1.20e+01 
  14    1  5.93e-10  8.04e+00  8.04e+00  0.00e+00  0.00e+00  0.00e+00  1.30e+01 
  15    1  4.45e-10  8.58e+00  8.58e+00  0.00e+00  0.00e+00  0.00e+00  1.40e+01 
  16    1  4.32e-10  9.12e+00  9.12e+00  0.00e+00  0.00e+00  0.00e+00  1.50e+01 
  17    1  4.33e-10  9.66e+00  9.66e+00  0.00e+00  0.00e+00  0.00e+00  1.60e+01 
  18    1  3.78e-10  1.02e+01  1.02e+01  0.00e+00  0.00e+00  0.00e+00  1.70e+01 
  19    1  5.26e-10  1.07e+01  1.07e+01  0.00e+00  0.00e+00  0.00e+00  1.80e+01 
  20    1  6.71e-10  1.13e+01  1.13e+01  0.00e+00  0.00e+00  0.00e+00  1.90e+01 
  21    1  3.80e-10  1.18e+01  1.18e+01  0.00e+00  0.00e+00  0.00e+00  2.00e+01 
  22    1  5.86e-10  1.24e+01  1.24e+01  0.00e+00  0.00e+00  0.00e+00  2.10e+01 
  23    1  7.81e-10  1.29e+01  1.29e+01  0.00e+00  0.00e+00  0.00e+00  2.20e+01 
  24    1  6.29e-10  1.35e+01  1.35e+01  0.00e+00  0.00e+00  0.00e+00  2.30e+01 
  25    1  8.82e-10  1.40e+01  1.40e+01  0.00e+00  0.00e+00  0.00e+00  2.40e+01 
  26    1  5.93e-10  1.45e+01  1.45e+01  0.00e+00  0.00e+00  0.00e+00  2.50e+01 
  27    1  8.66e-10  1.51e+01  1.51e+01  0.00e+00  0.00e+00  0.00e+00  2.60e+01 
  28    1  1.00e+01  1.56e+01  1.86e+01  0.00e+00  0.00e+00  0.00e+00  2.70e+01 
  28    2  3.23e+01  1.64e+01  3.62e+01  0.00e+00  0.00e+00  0.00e+00  2.70e+01 
  28    3  6.22e-10  1.63e+01  1.63e+01  0.00e+00  0.00e+00  0.00e+00  2.70e+01 
  29    1  1.39e+01  1.68e+01  2.18e+01  0.00e+00  0.00e+00  0.00e+00  2.80e+01 
  29    2  1.91e+01  1.72e+01  2.57e+01  0.00e+00  0.00e+00  0.00e+00  2.80e+01 
  29    3  1.22e-09  1.72e+01  1.72e+01  0.00e+00  0.00e+00  0.00e+00  2.80e+01 
  30    1  1.18e+01  1.77e+01  2.12e+01  0.00e+00  0.00e+00  0.00e+00  2.90e+01 
  30    2  3.21e-01  1.79e+01  1.80e+01  0.00e+00  0.00e+00  0.00e+00  2.90e+01 
  30    3  6.88e-10  1.79e+01  1.79e+01  0.00e+00  0.00e+00  0.00e+00  2.90e+01 
  31    1  1.67e+01  1.83e+01  2.48e+01  0.00e+00  0.00e+00  0.00e+00  3.00e+01 
  31    2  1.56e+01  1.87e+01  2.43e+01  0.00e+00  0.00e+00  0.00e+00  3.00e+01 
  31    3  7.12e-10  1.86e+01  1.86e+01  0.00e+00  0.00e+00  0.00e+00  3.00e+01 
  32    1  9.20e+00  1.91e+01  2.12e+01  0.00e+00  0.00e+00  0.00e+00  3.10e+01 
  32    2  2.27e-02  1.93e+01  1.93e+01  0.00e+00  0.00e+00  0.00e+00  3.10e+01 
  32    3  1.34e-09  1.93e+01  1.93e+01  0.00e+00  0.00e+00  0.00e+00  3.10e+01 
  33    1  1.88e+01  1.97e+01  2.72e+01  0.00e+00  0.00e+00  0.00e+00  3.20e+01 
  33    2  6.25e+00  1.99e+01  2.09e+01  0.00e+00  0.00e+00  0.00e+00  3.20e+01 
  33    3  1.28e-09  1.99e+01  1.99e+01  0.00e+00  0.00e+00  0.00e+00  3.20e+01 
  34    1  2.08e+01  2.03e+01  2.91e+01  0.00e+00  0.00e+00  0.00e+00  3.30e+01 
  34    2  1.25e-09  2.05e+01  2.05e+01  0.00e+00  0.00e+00  0.00e+00  3.30e+01 
  35    1  1.87e+01  2.09e+01  2.80e+01  0.00e+00  0.00e+00  0.00e+00  3.40e+01 
  35    2  8.38e-03  2.11e+01  2.11e+01  0.00e+00  0.00e+00  0.00e+00  3.40e+01 
  35    3  1.20e-09  2.11e+01  2.11e+01  0.00e+00  0.00e+00  0.00e+00  3.40e+01 
  36    1  1.68e+01  2.14e+01  2.72e+01  0.00e+00  0.00e+00  0.00e+00  3.50e+01 
  36    2  8.94e-10  2.16e+01  2.16e+01  0.00e+00  0.00e+00  0.00e+00  3.50e+01 
  37    1  1.51e+01  2.20e+01  2.67e+01  0.00e+00  0.00e+00  0.00e+00  3.60e+01 
  37    2  1.11e-01  2.22e+01  2.22e+01  0.00e+00  0.00e+00  0.00e+00  3.60e+01 
  37    3  1.37e-09  2.22e+01  2.22e+01  0.00e+00  0.00e+00  0.00e+00  3.60e+01 
  38    1  1.66e+01  2.25e+01  2.79e+01  0.00e+00  0.00e+00  0.00e+00  3.70e+01 
  38    2  7.59e-10  2.27e+01  2.27e+01  0.00e+00  0.00e+00  0.00e+00  3.70e+01 
  39    1  1.96e+01  2.31e+01  3.03e+01  0.00e+00  0.00e+00  0.00e+00  3.80e+01 
  39    2  1.71e-09  2.32e+01  2.32e+01  0.00e+00  0.00e+00  0.00e+00  3.80e+01 
  40    1  1.73e+01  2.36e+01  2.92e+01  0.00e+00  0.00e+00  0.00e+00  3.90e+01 
  40    2  1.60e-09  2.37e+01  2.37e+01  0.00e+00  0.00e+00  0.00e+00  3.90e+01 
  41    1  1.81e+01  2.41e+01  3.02e+01  0.00e+00  0.00e+00  0.00e+00  4.00e+01 
  41    2  2.06e-09  2.42e+01  2.42e+01  0.00e+00  0.00e+00  0.00e+00  4.00e+01 
  42    1  1.86e+01  2.46e+01  3.08e+01  0.00e+00  0.00e+00  0.00e+00  4.10e+01 
  42    2  1.50e-09  2.47e+01  2.47e+01  0.00e+00  0.00e+00  0.00e+00  4.10e+01 
  43    1  5.44e+00  2.52e+01  2.58e+01  0.00e+00  0.00e+00  0.00e+00  4.20e+01 
  43    2  1.98e-09  2.52e+01  2.52e+01  0.00e+00  0.00e+00  0.00e+00  4.20e+01 
  44    1  1.98e+01  2.55e+01  3.23e+01  0.00e+00  0.00e+00  0.00e+00  4.30e+01 
  44    2  2.10e-09  2.57e+01  2.57e+01  0.00e+00  0.00e+00  0.00e+00  4.30e+01 
  45    1  1.39e+01  2.62e+01  2.96e+01  0.00e+00  0.00e+00  0.00e+00  4.40e+01 
  45    2  1.84e-09  2.62e+01  2.62e+01  0.00e+00  0.00e+00  0.00e+00  4.40e+01 
  46    1  1.45e+01  2.65e+01  3.02e+01  0.00e+00  0.00e+00  0.00e+00  4.50e+01 
  46    2  2.43e-09  2.66e+01  2.66e+01  0.00e+00  0.00e+00  0.00e+00  4.50e+01 
  47    1  1.56e+01  2.71e+01  3.13e+01  0.00e+00  0.00e+00  0.00e+00  4.60e+01 
  47    2  2.88e-09  2.71e+01  2.71e+01  0.00e+00  0.00e+00  0.00e+00  4.60e+01 
  48    1  2.14e+01  2.75e+01  3.48e+01  0.00e+00  0.00e+00  0.00e+00  4.70e+01 
  48    2  1.94e-09  2.76e+01  2.76e+01  0.00e+00  0.00e+00  0.00e+00  4.70e+01 
  49    1  1.67e+01  2.79e+01  3.25e+01  0.00e+00  0.00e+00  0.00e+00  4.80e+01 
  49    2  2.73e-09  2.80e+01  2.80e+01  0.00e+00  0.00e+00  0.00e+00  4.80e+01 
  50    1  1.24e+01  2.85e+01  3.11e+01  0.00e+00  0.00e+00  0.00e+00  4.90e+01 
  50    2  1.58e+00  2.85e+01  2.85e+01  0.00e+00  0.00e+00  0.00e+00  4.90e+01 
  50    3  2.82e-09  2.85e+01  2.85e+01  0.00e+00  0.00e+00  0.00e+00  4.90e+01 
  51    1  1.85e+01  2.88e+01  3.43e+01  0.00e+00  0.00e+00  0.00e+00  5.00e+01 
  51    2  2.47e-09  2.90e+01  2.90e+01  0.00e+00  0.00e+00  0.00e+00  5.00e+01 
  52    1  1.58e+01  2.93e+01  3.33e+01  0.00e+00  0.00e+00  0.00e+00  5.10e+01 
  52    2  3.21e-09  2.94e+01  2.94e+01  0.00e+00  0.00e+00  0.00e+00  5.10e+01 
  53    1  2.26e+01  2.98e+01  3.74e+01  0.00e+00  0.00e+00  0.00e+00  5.20e+01 
  53    2  3.27e-09  2.99e+01  2.99e+01  0.00e+00  0.00e+00  0.00e+00  5.20e+01 
  54    1  1.85e+01  3.02e+01  3.54e+01  0.00e+00  0.00e+00  0.00e+00  5.30e+01 
  54    2  3.56e-09  3.03e+01  3.03e+01  0.00e+00  0.00e+00  0.00e+00  5.30e+01 
  55    1  1.67e+01  3.07e+01  3.49e+01  0.00e+00  0.00e+00  0.00e+00  5.40e+01 
  55    2  3.49e-09  3.08e+01  3.08e+01  0.00e+00  0.00e+00  0.00e+00  5.40e+01 
  56    1  1.99e+01  3.12e+01  3.70e+01  0.00e+00  0.00e+00  0.00e+00  5.50e+01 
  56    2  5.52e-02  3.12e+01  3.12e+01  0.00e+00  0.00e+00  0.00e+00  5.50e+01 
  56    3  3.84e-09  3.12e+01  3.12e+01  0.00e+00  0.00e+00  0.00e+00  5.50e+01 
  57    1  1.80e+01  3.15e+01  3.63e+01  0.00e+00  0.00e+00  0.00e+00  5.60e+01 
  57    2  3.92e-09  3.17e+01  3.17e+01  0.00e+00  0.00e+00  0.00e+00  5.60e+01 
  58    1  1.49e+01  3.21e+01  3.54e+01  0.00e+00  0.00e+00  0.00e+00  5.70e+01 
  58    2  2.83e-09  3.21e+01  3.21e+01  0.00e+00  0.00e+00  0.00e+00  5.70e+01 
  59    1  1.45e+01  3.25e+01  3.56e+01  0.00e+00  0.00e+00  0.00e+00  5.80e+01 
  59    2  1.14e+00  3.25e+01  3.26e+01  0.00e+00  0.00e+00  0.00e+00  5.80e+01 
  59    3  2.19e-09  3.25e+01  3.25e+01  0.00e+00  0.00e+00  0.00e+00  5.80e+01 
  60    1  8.77e+00  3.30e+01  3.41e+01  0.00e+00  0.00e+00  0.00e+00  5.90e+01 
  60    2  2.64e-09  3.30e+01  3.30e+01  0.00e+00  0.00e+00  0.00e+00  5.90e+01 
  61    1  1.76e+01  3.34e+01  3.78e+01  0.00e+00  0.00e+00  0.00e+00  6.00e+01 
  61    2  2.60e-09  3.34e+01  3.34e+01  0.00e+00  0.00e+00  0.00e+00  6.00e+01 
  62    1  1.75e+01  3.38e+01  3.81e+01  0.00e+00  0.00e+00  0.00e+00  6.10e+01 
  62    2  2.52e-09  3.39e+01  3.39e+01  0.00e+00  0.00e+00  0.00e+00  6.10e+01 
  63    1  1.43e+01  3.43e+01  3.71e+01  0.00e+00  0.00e+00  0.00e+00  6.20e+01 
  63    2  2.77e-09  3.43e+01  3.43e+01  0.00e+00  0.00e+00  0.00e+00  6.20e+01 
  64    1  1.05e+01  3.47e+01  3.63e+01  0.00e+00  0.00e+00  0.00e+00  6.30e+01 
  64    2  2.82e-09  3.47e+01  3.47e+01  0.00e+00  0.00e+00  0.00e+00  6.30e+01 
  65    1  1.73e+01  3.52e+01  3.92e+01  0.00e+00  0.00e+00  0.00e+00  6.40e+01 
  65    2  3.00e-09  3.52e+01  3.52e+01  0.00e+00  0.00e+00  0.00e+00  6.40e+01 
  66    1  1.91e+01  3.56e+01  4.04e+01  0.00e+00  0.00e+00  0.00e+00  6.50e+01 
  66    2  3.75e-09  3.56e+01  3.56e+01  0.00e+00  0.00e+00  0.00e+00  6.50e+01 
  67    1  2.23e+01  3.60e+01  4.24e+01  0.00e+00  0.00e+00  0.00e+00  6.60e+01 
  67    2  3.39e-09  3.60e+01  3.60e+01  0.00e+00  0.00e+00  0.00e+00  6.60e+01 
  68    1  2.37e+01  3.64e+01  4.34e+01  0.00e+00  0.00e+00  0.00e+00  6.70e+01 
  68    2  5.59e-09  3.65e+01  3.65e+01  0.00e+00  0.00e+00  0.00e+00  6.70e+01 
  69    1  1.44e+01  3.69e+01  3.95e+01  0.00e+00  0.00e+00  0.00e+00  6.80e+01 
  69    2  5.08e-09  3.69e+01  3.69e+01  0.00e+00  0.00e+00  0.00e+00  6.80e+01 
  70    1  1.49e+01  3.72e+01  4.01e+01  0.00e+00  0.00e+00  0.00e+00  6.90e+01 
  70    2  3.72e-09  3.73e+01  3.73e+01  0.00e+00  0.00e+00  0.00e+00  6.90e+01 
  71    1  1.71e+01  3.77e+01  4.14e+01  0.00e+00  0.00e+00  0.00e+00  7.00e+01 
  71    2  3.80e-09  3.78e+01  3.78e+01  0.00e+00  0.00e+00  0.00e+00  7.00e+01 
  72    1  1.20e+01  3.81e+01  4.00e+01  0.00e+00  0.00e+00  0.00e+00  7.10e+01 
  72    2  4.88e-09  3.82e+01  3.82e+01  0.00e+00  0.00e+00  0.00e+00  7.10e+01 
  73    1  2.01e+01  3.86e+01  4.35e+01  0.00e+00  0.00e+00  0.00e+00  7.20e+01 
  73    2  2.64e-09  3.86e+01  3.86e+01  0.00e+00  0.00e+00  0.00e+00  7.20e+01 
  74    1  2.32e+01  3.90e+01  4.54e+01  0.00e+00  0.00e+00  0.00e+00  7.30e+01 
  74    2  2.02e-09  3.91e+01  3.91e+01  0.00e+00  0.00e+00  0.00e+00  7.30e+01 
  75    1  1.74e+01  3.94e+01  4.31e+01  0.00e+00  0.00e+00  0.00e+00  7.40e+01 
  75    2  5.49e-09  3.95e+01  3.95e+01  0.00e+00  0.00e+00  0.00e+00  7.40e+01 
  76    1  1.88e+01  3.98e+01  4.41e+01  0.00e+00  0.00e+00  0.00e+00  7.50e+01 
  76    2  6.13e-09  3.99e+01  3.99e+01  0.00e+00  0.00e+00  0.00e+00  7.50e+01 
  77    1  1.92e+01  4.03e+01  4.46e+01  0.00e+00  0.00e+00  0.00e+00  7.60e+01 
  77    2  4.30e-09  4.03e+01  4.03e+01  0.00e+00  0.00e+00  0.00e+00  7.60e+01 
  78    1  1.10e+01  4.07e+01  4.22e+01  0.00e+00  0.00e+00  0.00e+00  7.70e+01 
  78    2  8.00e-09  4.08e+01  4.08e+01  0.00e+00  0.00e+00  0.00e+00  7.70e+01 
  79    1  1.91e+01  4.11e+01  4.54e+01  0.00e+00  0.00e+00  0.00e+00  7.80e+01 
  79    2  7.76e-09  4.12e+01  4.12e+01  0.00e+00  0.00e+00  0.00e+00  7.80e+01 
  80    1  2.61e+01  4.16e+01  4.91e+01  0.00e+00  0.00e+00  0.00e+00  7.90e+01 
  80    2  5.85e-09  4.16e+01  4.16e+01  0.00e+00  0.00e+00  0.00e+00  7.90e+01 
  81    1  1.66e+01  4.20e+01  4.51e+01  0.00e+00  0.00e+00  0.00e+00  8.00e+01 
  81    2  4.94e-09  4.20e+01  4.20e+01  0.00e+00  0.00e+00  0.00e+00  8.00e+01 
  82    1  1.65e+01  4.24e+01  4.54e+01  0.00e+00  0.00e+00  0.00e+00  8.10e+01 
  82    2  2.79e-09  4.25e+01  4.25e+01  0.00e+00  0.00e+00  0.00e+00  8.10e+01 
  83    1  1.64e+01  4.29e+01  4.59e+01  0.00e+00  0.00e+00  0.00e+00  8.20e+01 
  83    2  4.33e-09  4.29e+01  4.29e+01  0.00e+00  0.00e+00  0.00e+00  8.20e+01 
  84    1  1.73e+01  4.32e+01  4.65e+01  0.00e+00  0.00e+00  0.00e+00  8.30e+01 
  84    2  3.77e-09  4.33e+01  4.33e+01  0.00e+00  0.00e+00  0.00e+00  8.30e+01 
  85    1  1.97e+01  4.36e+01  4.79e+01  0.00e+00  0.00e+00  0.00e+00  8.40e+01 
  85    2  6.94e-09  4.37e+01  4.37e+01  0.00e+00  0.00e+00  0.00e+00  8.40e+01 
  86    1  2.21e+01  4.41e+01  4.93e+01  0.00e+00  0.00e+00  0.00e+00  8.50e+01 
  86    2  5.71e-09  4.41e+01  4.41e+01  0.00e+00  0.00e+00  0.00e+00  8.50e+01 
  87    1  1.59e+01  4.45e+01  4.72e+01  0.00e+00  0.00e+00  0.00e+00  8.60e+01 
  87    2  4.19e-09  4.46e+01  4.46e+01  0.00e+00  0.00e+00  0.00e+00  8.60e+01 
  88    1  1.62e+01  4.49e+01  4.77e+01  0.00e+00  0.00e+00  0.00e+00  8.70e+01 
  88    2  2.98e-09  4.50e+01  4.50e+01  0.00e+00  0.00e+00  0.00e+00  8.70e+01 
  89    1  1.83e+01  4.54e+01  4.90e+01  0.00e+00  0.00e+00  0.00e+00  8.80e+01 
  89    2  5.13e-09  4.54e+01  4.54e+01  0.00e+00  0.00e+00  0.00e+00  8.80e+01 
  90    1  1.73e+01  4.57e+01  4.89e+01  0.00e+00  0.00e+00  0.00e+00  8.90e+01 
  90    2  4.47e-09  4.58e+01  4.58e+01  0.00e+00  0.00e+00  0.00e+00  8.90e+01 
  91    1  2.22e+01  4.62e+01  5.13e+01  0.00e+00  0.00e+00  0.00e+00  9.00e+01 
  91    2  6.01e-09  4.63e+01  4.63e+01  0.00e+00  0.00e+00  0.00e+00  9.00e+01 
  92    1  1.61e+01  4.65e+01  4.92e+01  0.00e+00  0.00e+00  0.00e+00  9.10e+01 
  92    2  2.43e-09  4.67e+01  4.67e+01  0.00e+00  0.00e+00  0.00e+00  9.10e+01 
  93    1  1.47e+01  4.70e+01  4.92e+01  0.00e+00  0.00e+00  0.00e+00  9.20e+01 
  93    2  5.62e-09  4.71e+01  4.71e+01  0.00e+00  0.00e+00  0.00e+00  9.20e+01 
  94    1  2.46e+01  4.74e+01  5.35e+01  0.00e+00  0.00e+00  0.00e+00  9.30e+01 
  94    2  1.99e-09  4.75e+01  4.75e+01  0.00e+00  0.00e+00  0.00e+00  9.30e+01 
  95    1  1.29e+01  4.78e+01  4.95e+01  0.00e+00  0.00e+00  0.00e+00  9.40e+01 
  95    2  5.66e-09  4.79e+01  4.79e+01  0.00e+00  0.00e+00  0.00e+00  9.40e+01 
  96    1  1.94e+01  4.83e+01  5.20e+01  0.00e+00  0.00e+00  0.00e+00  9.50e+01 
  96    2  3.98e-09  4.83e+01  4.83e+01  0.00e+00  0.00e+00  0.00e+00  9.50e+01 
  97    1  1.14e+01  4.87e+01  5.00e+01  0.00e+00  0.00e+00  0.00e+00  9.60e+01 
  97    2  6.42e-09  4.88e+01  4.88e+01  0.00e+00  0.00e+00  0.00e+00  9.60e+01 
  98    1  1.72e+01  4.91e+01  5.20e+01  0.00e+00  0.00e+00  0.00e+00  9.70e+01 
  98    2  5.40e-09  4.92e+01  4.92e+01  0.00e+00  0.00e+00  0.00e+00  9.70e+01 
  99    1  1.61e+01  4.96e+01  5.22e+01  0.00e+00  0.00e+00  0.00e+00  9.80e+01 
  99    2  3.80e-09  4.96e+01  4.96e+01  0.00e+00  0.00e+00  0.00e+00  9.80e+01 
 100    1  1.80e+01  4.99e+01  5.31e+01  0.00e+00  0.00e+00  0.00e+00  9.90e+01 
 100    2  5.02e-09  5.00e+01  5.00e+01  0.00e+00  0.00e+00  0.00e+00  9.90e+01 
