   1    1  1.17e-15  1.00e+00  1.00e+00  0.00e+00  0.00e+00  0.00e+00  0.00e+00 
   2    1  7.07e-01  1.59e+01  1.54e+01  0.00e+00  0.00e+00  0.00e+00  1.00e+00 
   2    2  2.16e-15  1.56e+01  1.56e+01  0.00e+00  0.00e+00  0.00e+00  1.00e+00 
   3    1  1.39e+01  3.05e+01  2.16e+01  0.00e+00  0.00e+00  0.00e+00  2.00e+00 
   3    2  1.16e+00  2.50e+01  2.50e+01  0.00e+00  0.00e+00  0.00e+00  2.00e+00 
   3    3  8.88e-16  2.44e+01  2.44e+01  0.00e+00  0.00e+00  0.00e+00  2.00e+00 
   4    1  6.77e+00  3.31e+01  3.38e+01  0.00e+00  0.00e+00  0.00e+00  3.00e+00 
   4    2  2.86e-14  2.91e+01  2.91e+01  0.00e+00  0.00e+00  0.00e+00  3.00e+00 
   5    1  1.21e+01  3.78e+01  2.95e+01  0.00e+00  0.00e+00  0.00e+00  4.00e+00 
   5    2  2.14e-14  3.31e+01  3.31e+01  0.00e+00  0.00e+00  0.00e+00  4.00e+00 
   6    1  7.77e+00  4.19e+01  4.26e+01  0.00e+00  0.00e+00  0.00e+00  5.00e+00 
   6    2  3.28e-14  3.72e+01  3.72e+01  0.00e+00  0.00e+00  0.00e+00  5.00e+00 
   7    1  1.08e+01  5.22e+01  4.13e+01  0.00e+00  0.00e+00  0.00e+00  6.00e+00 
   7    2  4.41e-14  4.13e+01  4.13e+01  0.00e+00  0.00e+00  0.00e+00  6.00e+00 
   8    1  5.27e-14  4.54e+01  4.54e+01  0.00e+00  0.00e+00  0.00e+00  7.00e+00 
   9    1  1.08e+01  6.03e+01  4.95e+01  0.00e+00  0.00e+00  0.00e+00  8.00e+00 
   9    2  5.15e-14  4.95e+01  4.95e+01  0.00e+00  0.00e+00  0.00e+00  8.00e+00 
  10    1  7.77e+00  5.83e+01  5.88e+01  0.00e+00  0.00e+00  0.00e+00  9.00e+00 
  10    2  7.01e-14  5.36e+01  5.36e+01  0.00e+00  0.00e+00  0.00e+00  9.00e+00 
  11    1  7.77e+00  6.24e+01  6.29e+01  0.00e+00  0.00e+00  0.00e+00  1.00e+01 
  11    2  5.15e-14  5.77e+01  5.77e+01  0.00e+00  0.00e+00  0.00e+00  1.00e+01 
  12    1  7.77e+00  6.65e+01  6.69e+01  0.00e+00  0.00e+00  0.00e+00  1.10e+01 
  12    2  2.42e-14  6.18e+01  6.18e+01  0.00e+00  0.00e+00  0.00e+00  1.10e+01 
  13    1  4.15e-14  6.59e+01  6.59e+01  0.00e+00  0.00e+00  0.00e+00  1.20e+01 
  14    1  1.08e+01  8.08e+01  7.00e+01  0.00e+00  0.00e+00  0.00e+00  1.30e+01 
  14    2  6.80e-14  7.00e+01  7.00e+01  0.00e+00  0.00e+00  0.00e+00  1.30e+01 
  15    1  7.39e-14  7.41e+01  7.41e+01  0.00e+00  0.00e+00  0.00e+00  1.40e+01 
  16    1  1.08e+01  8.90e+01  7.82e+01  0.00e+00  0.00e+00  0.00e+00  1.50e+01 
  16    2  2.71e-14  7.82e+01  7.82e+01  0.00e+00  0.00e+00  0.00e+00  1.50e+01 
  17    1  2.11e-13  8.23e+01  8.23e+01  0.00e+00  0.00e+00  0.00e+00  1.60e+01 
  18    1  1.08e+01  9.72e+01  8.64e+01  0.00e+00  0.00e+00  0.00e+00  1.70e+01 
  18    2  9.38e-14  8.64e+01  8.64e+01  0.00e+00  0.00e+00  0.00e+00  1.70e+01 
  19    1  1.08e+01  1.01e+02  9.05e+01  0.00e+00  0.00e+00  0.00e+00  1.80e+01 
  19    2  1.65e-13  9.05e+01  9.05e+01  0.00e+00  0.00e+00  0.00e+00  1.80e+01 
  20    1  1.08e+01  1.05e+02  9.46e+01  0.00e+00  0.00e+00  0.00e+00  1.90e+01 
  20    2  1.60e-13  9.46e+01  9.46e+01  0.00e+00  0.00e+00  0.00e+00  1.90e+01 
  21    1  1.08e+01  1.09e+02  9.87e+01  0.00e+00  0.00e+00  0.00e+00  2.00e+01 
  21    2  1.25e-13  9.87e+01  9.87e+01  0.00e+00  0.00e+00  0.00e+00  2.00e+01 
  22    1  1.21e+01  1.07e+02  9.84e+01  0.00e+00  0.00e+00  0.00e+00  2.10e+01 
  22    2  1.05e-13  1.03e+02  1.03e+02  0.00e+00  0.00e+00  0.00e+00  2.10e+01 
  23    1  1.08e+01  1.18e+02  1.07e+02  0.00e+00  0.00e+00  0.00e+00  2.20e+01 
  23    2  9.85e-14  1.07e+02  1.07e+02  0.00e+00  0.00e+00  0.00e+00  2.20e+01 
  24    1  7.77e+00  1.16e+02  1.16e+02  0.00e+00  0.00e+00  0.00e+00  2.30e+01 
  24    2  7.59e-14  1.11e+02  1.11e+02  0.00e+00  0.00e+00  0.00e+00  2.30e+01 
  25    1  5.26e+00  1.15e+02  1.11e+02  0.00e+00  0.00e+00  0.00e+00  2.40e+01 
  25    2  2.46e-13  1.13e+02  1.13e+02  0.00e+00  0.00e+00  0.00e+00  2.40e+01 
  26    1  1.40e+01  1.28e+02  1.14e+02  0.00e+00  0.00e+00  0.00e+00  2.50e+01 
  26    2  1.89e-14  1.15e+02  1.15e+02  0.00e+00  0.00e+00  0.00e+00  2.50e+01 
  27    1  1.52e+01  1.30e+02  1.16e+02  0.00e+00  0.00e+00  0.00e+00  2.60e+01 
  27    2  1.14e-13  1.17e+02  1.17e+02  0.00e+00  0.00e+00  0.00e+00  2.60e+01 
  28    1  1.52e+01  1.32e+02  1.17e+02  0.00e+00  0.00e+00  0.00e+00  2.70e+01 
  28    2  2.73e-13  1.19e+02  1.19e+02  0.00e+00  0.00e+00  0.00e+00  2.70e+01 
  29    1  4.44e+00  1.25e+02  1.23e+02  0.00e+00  0.00e+00  0.00e+00  2.80e+01 
  29    2  6.05e+00  1.21e+02  1.18e+02  0.00e+00  0.00e+00  0.00e+00  2.80e+01 
  29    3  1.88e-13  1.21e+02  1.21e+02  0.00e+00  0.00e+00  0.00e+00  2.80e+01 
  30    1  3.72e+00  1.27e+02  1.24e+02  0.00e+00  0.00e+00  0.00e+00  2.90e+01 
  30    2  2.56e-14  1.23e+02  1.23e+02  0.00e+00  0.00e+00  0.00e+00  2.90e+01 
  31    1  2.66e+00  1.25e+02  1.24e+02  0.00e+00  0.00e+00  0.00e+00  3.00e+01 
  31    2  4.39e-14  1.25e+02  1.25e+02  0.00e+00  0.00e+00  0.00e+00  3.00e+01 
  32    1  1.52e+01  1.40e+02  1.25e+02  0.00e+00  0.00e+00  0.00e+00  3.10e+01 
  32    2  3.04e-14  1.26e+02  1.26e+02  0.00e+00  0.00e+00  0.00e+00  3.10e+01 
  33    1  1.52e+01  1.41e+02  1.27e+02  0.00e+00  0.00e+00  0.00e+00  3.20e+01 
  33    2  2.66e+00  1.28e+02  1.27e+02  0.00e+00  0.00e+00  0.00e+00  3.20e+01 
  33    3  1.15e-13  1.28e+02  1.28e+02  0.00e+00  0.00e+00  0.00e+00  3.20e+01 
  34    1  4.74e+00  1.32e+02  1.32e+02  0.00e+00  0.00e+00  0.00e+00  3.30e+01 
  34    2  3.18e-14  1.30e+02  1.30e+02  0.00e+00  0.00e+00  0.00e+00  3.30e+01 
  35    1  1.67e+01  1.39e+02  1.26e+02  0.00e+00  0.00e+00  0.00e+00  3.40e+01 
  35    2  2.66e+00  1.32e+02  1.30e+02  0.00e+00  0.00e+00  0.00e+00  3.40e+01 
  35    3  2.84e-14  1.31e+02  1.31e+02  0.00e+00  0.00e+00  0.00e+00  3.40e+01 
  36    1  1.67e+01  1.40e+02  1.28e+02  0.00e+00  0.00e+00  0.00e+00  3.50e+01 
  36    2  2.66e+00  1.33e+02  1.32e+02  0.00e+00  0.00e+00  0.00e+00  3.50e+01 
  36    3  4.26e-14  1.33e+02  1.33e+02  0.00e+00  0.00e+00  0.00e+00  3.50e+01 
  37    1  1.67e+01  1.42e+02  1.30e+02  0.00e+00  0.00e+00  0.00e+00  3.60e+01 
  37    2  2.66e+00  1.35e+02  1.34e+02  0.00e+00  0.00e+00  0.00e+00  3.60e+01 
  37    3  7.11e-15  1.35e+02  1.35e+02  0.00e+00  0.00e+00  0.00e+00  3.60e+01 
  38    1  1.52e+01  1.50e+02  1.35e+02  0.00e+00  0.00e+00  0.00e+00  3.70e+01 
  38    2  1.66e-13  1.37e+02  1.37e+02  0.00e+00  0.00e+00  0.00e+00  3.70e+01 
  39    1  1.52e+01  1.51e+02  1.37e+02  0.00e+00  0.00e+00  0.00e+00  3.80e+01 
  39    2  1.15e-13  1.38e+02  1.38e+02  0.00e+00  0.00e+00  0.00e+00  3.80e+01 
  40    1  1.52e+01  1.53e+02  1.38e+02  0.00e+00  0.00e+00  0.00e+00  3.90e+01 
  40    2  2.66e+00  1.40e+02  1.39e+02  0.00e+00  0.00e+00  0.00e+00  3.90e+01 
  40    3  2.13e-14  1.40e+02  1.40e+02  0.00e+00  0.00e+00  0.00e+00  3.90e+01 
  41    1  1.52e+01  1.55e+02  1.40e+02  0.00e+00  0.00e+00  0.00e+00  4.00e+01 
  41    2  2.66e+00  1.42e+02  1.40e+02  0.00e+00  0.00e+00  0.00e+00  4.00e+01 
  41    3  1.53e-13  1.42e+02  1.42e+02  0.00e+00  0.00e+00  0.00e+00  4.00e+01 
  42    1  1.52e+01  1.56e+02  1.42e+02  0.00e+00  0.00e+00  0.00e+00  4.10e+01 
  42    2  2.66e+00  1.43e+02  1.42e+02  0.00e+00  0.00e+00  0.00e+00  4.10e+01 
  42    3  5.73e-14  1.43e+02  1.43e+02  0.00e+00  0.00e+00  0.00e+00  4.10e+01 
  43    1  4.31e+00  1.49e+02  1.45e+02  0.00e+00  0.00e+00  0.00e+00  4.20e+01 
  43    2  6.36e-14  1.45e+02  1.45e+02  0.00e+00  0.00e+00  0.00e+00  4.20e+01 
  44    1  4.31e+00  1.51e+02  1.47e+02  0.00e+00  0.00e+00  0.00e+00  4.30e+01 
  44    2  1.51e-13  1.47e+02  1.47e+02  0.00e+00  0.00e+00  0.00e+00  4.30e+01 
  45    1  4.74e+00  1.51e+02  1.51e+02  0.00e+00  0.00e+00  0.00e+00  4.40e+01 
  45    2  1.14e-13  1.48e+02  1.48e+02  0.00e+00  0.00e+00  0.00e+00  4.40e+01 
  46    1  3.18e-14  1.50e+02  1.50e+02  0.00e+00  0.00e+00  0.00e+00  4.50e+01 
  47    1  1.52e+01  1.65e+02  1.50e+02  0.00e+00  0.00e+00  0.00e+00  4.60e+01 
  47    2  2.66e+00  1.52e+02  1.51e+02  0.00e+00  0.00e+00  0.00e+00  4.60e+01 
  47    3  3.18e-14  1.52e+02  1.52e+02  0.00e+00  0.00e+00  0.00e+00  4.60e+01 
  48    1  1.52e+01  1.67e+02  1.52e+02  0.00e+00  0.00e+00  0.00e+00  4.70e+01 
  48    2  2.66e+00  1.54e+02  1.52e+02  0.00e+00  0.00e+00  0.00e+00  4.70e+01 
  48    3  3.18e-14  1.53e+02  1.53e+02  0.00e+00  0.00e+00  0.00e+00  4.70e+01 
  49    1  2.59e+01  1.61e+02  1.46e+02  0.00e+00  0.00e+00  0.00e+00  4.80e+01 
  49    2  2.66e+00  1.55e+02  1.54e+02  0.00e+00  0.00e+00  0.00e+00  4.80e+01 
  49    3  1.42e-14  1.55e+02  1.55e+02  0.00e+00  0.00e+00  0.00e+00  4.80e+01 
  50    1  4.31e+00  1.61e+02  1.57e+02  0.00e+00  0.00e+00  0.00e+00  4.90e+01 
  50    2  0.00e+00  1.57e+02  1.57e+02  0.00e+00  0.00e+00  0.00e+00  4.90e+01 
  50    3  0.00e+00  1.57e+02  1.57e+02  0.00e+00  0.00e+00  0.00e+00  4.90e+01 
  51    1  4.74e+00  1.61e+02  1.61e+02  0.00e+00  0.00e+00  0.00e+00  5.00e+01 
  51    2  2.05e-13  1.58e+02  1.58e+02  0.00e+00  0.00e+00  0.00e+00  5.00e+01 
  52    1  1.67e+01  1.67e+02  1.55e+02  0.00e+00  0.00e+00  0.00e+00  5.10e+01 
  52    2  2.66e+00  1.60e+02  1.59e+02  0.00e+00  0.00e+00  0.00e+00  5.10e+01 
  52    3  1.82e-13  1.60e+02  1.60e+02  0.00e+00  0.00e+00  0.00e+00  5.10e+01 
  53    1  1.49e+01  1.75e+02  1.60e+02  0.00e+00  0.00e+00  0.00e+00  5.20e+01 
  53    2  1.42e-14  1.60e+02  1.60e+02  0.00e+00  0.00e+00  0.00e+00  5.20e+01 
  54    1  1.51e+01  1.75e+02  1.60e+02  0.00e+00  0.00e+00  0.00e+00  5.30e+01 
  54    2  2.33e+00  1.62e+02  1.61e+02  0.00e+00  0.00e+00  0.00e+00  5.30e+01 
  54    3  2.84e-14  1.62e+02  1.62e+02  0.00e+00  0.00e+00  0.00e+00  5.30e+01 
  55    1  3.05e-13  1.62e+02  1.62e+02  0.00e+00  0.00e+00  0.00e+00  5.40e+01 
  56    1  5.10e+00  1.68e+02  1.63e+02  0.00e+00  0.00e+00  0.00e+00  5.50e+01 
  56    2  5.12e-14  1.62e+02  1.62e+02  0.00e+00  0.00e+00  0.00e+00  5.50e+01 
  57    1  4.23e-13  1.62e+02  1.62e+02  0.00e+00  0.00e+00  0.00e+00  5.60e+01 
  58    1  1.49e+01  1.77e+02  1.62e+02  0.00e+00  0.00e+00  0.00e+00  5.70e+01 
  58    2  1.78e-13  1.62e+02  1.62e+02  0.00e+00  0.00e+00  0.00e+00  5.70e+01 
  59    1  1.49e+01  1.77e+02  1.62e+02  0.00e+00  0.00e+00  0.00e+00  5.80e+01 
  59    2  1.02e-12  1.62e+02  1.62e+02  0.00e+00  0.00e+00  0.00e+00  5.80e+01 
  60    1  1.49e+01  1.77e+02  1.62e+02  0.00e+00  0.00e+00  0.00e+00  5.90e+01 
  60    2  1.27e-13  1.62e+02  1.62e+02  0.00e+00  0.00e+00  0.00e+00  5.90e+01 
  61    1  2.44e-13  1.62e+02  1.62e+02  0.00e+00  0.00e+00  0.00e+00  6.00e+01 
  62    1  5.10e+00  1.68e+02  1.64e+02  0.00e+00  0.00e+00  0.00e+00  6.10e+01 
  62    2  2.04e-12  1.62e+02  1.62e+02  0.00e+00  0.00e+00  0.00e+00  6.10e+01 
  63    1  1.55e+01  1.68e+02  1.57e+02  0.00e+00  0.00e+00  0.00e+00  6.20e+01 
  63    2  2.54e-13  1.62e+02  1.62e+02  0.00e+00  0.00e+00  0.00e+00  6.20e+01 
  64    1  1.49e+01  1.77e+02  1.62e+02  0.00e+00  0.00e+00  0.00e+00  6.30e+01 
  64    2  6.75e-13  1.62e+02  1.62e+02  0.00e+00  0.00e+00  0.00e+00  6.30e+01 
  65    1  1.49e+01  1.77e+02  1.62e+02  0.00e+00  0.00e+00  0.00e+00  6.40e+01 
  65    2  1.54e-13  1.62e+02  1.62e+02  0.00e+00  0.00e+00  0.00e+00  6.40e+01 
  66    1  5.10e+00  1.68e+02  1.64e+02  0.00e+00  0.00e+00  0.00e+00  6.50e+01 
  66    2  2.85e-12  1.62e+02  1.62e+02  0.00e+00  0.00e+00  0.00e+00  6.50e+01 
  67    1  1.49e+01  1.77e+02  1.62e+02  0.00e+00  0.00e+00  0.00e+00  6.60e+01 
  67    2  1.22e-12  1.62e+02  1.62e+02  0.00e+00  0.00e+00  0.00e+00  6.60e+01 
  68    1  1.55e+01  1.68e+02  1.57e+02  0.00e+00  0.00e+00  0.00e+00  6.70e+01 
  68    2  3.06e-13  1.62e+02  1.62e+02  0.00e+00  0.00e+00  0.00e+00  6.70e+01 
  69    1  1.55e+01  1.68e+02  1.57e+02  0.00e+00  0.00e+00  0.00e+00  6.80e+01 
  69    2  7.11e-14  1.63e+02  1.63e+02  0.00e+00  0.00e+00  0.00e+00  6.80e+01 
  70    1  1.49e+01  1.77e+02  1.63e+02  0.00e+00  0.00e+00  0.00e+00  6.90e+01 
  70    2  6.75e-13  1.63e+02  1.63e+02  0.00e+00  0.00e+00  0.00e+00  6.90e+01 
  71    1  5.10e+00  1.69e+02  1.64e+02  0.00e+00  0.00e+00  0.00e+00  7.00e+01 
  71    2  2.46e-12  1.63e+02  1.63e+02  0.00e+00  0.00e+00  0.00e+00  7.00e+01 
  72    1  1.49e+01  1.78e+02  1.63e+02  0.00e+00  0.00e+00  0.00e+00  7.10e+01 
  72    2  7.02e-13  1.63e+02  1.63e+02  0.00e+00  0.00e+00  0.00e+00  7.10e+01 
  73    1  1.40e-13  1.63e+02  1.63e+02  0.00e+00  0.00e+00  0.00e+00  7.20e+01 
  74    1  1.49e+01  1.78e+02  1.63e+02  0.00e+00  0.00e+00  0.00e+00  7.30e+01 
  74    2  4.13e-12  1.63e+02  1.63e+02  0.00e+00  0.00e+00  0.00e+00  7.30e+01 
  75    1  1.49e+01  1.78e+02  1.63e+02  0.00e+00  0.00e+00  0.00e+00  7.40e+01 
  75    2  7.02e-13  1.63e+02  1.63e+02  0.00e+00  0.00e+00  0.00e+00  7.40e+01 
  76    1  5.10e+00  1.69e+02  1.65e+02  0.00e+00  0.00e+00  0.00e+00  7.50e+01 
  76    2  2.46e-12  1.63e+02  1.63e+02  0.00e+00  0.00e+00  0.00e+00  7.50e+01 
  77    1  1.55e+01  1.69e+02  1.57e+02  0.00e+00  0.00e+00  0.00e+00  7.60e+01 
  77    2  6.12e-13  1.63e+02  1.63e+02  0.00e+00  0.00e+00  0.00e+00  7.60e+01 
  78    1  5.10e+00  1.69e+02  1.65e+02  0.00e+00  0.00e+00  0.00e+00  7.70e+01 
  78    2  2.33e-12  1.63e+02  1.63e+02  0.00e+00  0.00e+00  0.00e+00  7.70e+01 
  79    1  1.49e+01  1.78e+02  1.63e+02  0.00e+00  0.00e+00  0.00e+00  7.80e+01 
  79    2  7.77e-13  1.63e+02  1.63e+02  0.00e+00  0.00e+00  0.00e+00  7.80e+01 
  80    1  1.49e+01  1.78e+02  1.63e+02  0.00e+00  0.00e+00  0.00e+00  7.90e+01 
  80    2  3.19e-12  1.63e+02  1.63e+02  0.00e+00  0.00e+00  0.00e+00  7.90e+01 
  81    1  5.10e+00  1.69e+02  1.65e+02  0.00e+00  0.00e+00  0.00e+00  8.00e+01 
  81    2  3.33e-12  1.63e+02  1.63e+02  0.00e+00  0.00e+00  0.00e+00  8.00e+01 
  82    1  1.55e+01  1.69e+02  1.58e+02  0.00e+00  0.00e+00  0.00e+00  8.10e+01 
  82    2  2.22e-13  1.63e+02  1.63e+02  0.00e+00  0.00e+00  0.00e+00  8.10e+01 
  83    1  1.27e-13  1.63e+02  1.63e+02  0.00e+00  0.00e+00  0.00e+00  8.20e+01 
  84    1  8.32e-13  1.63e+02  1.63e+02  0.00e+00  0.00e+00  0.00e+00  8.30e+01 
  85    1  1.49e+01  1.78e+02  1.63e+02  0.00e+00  0.00e+00  0.00e+00  8.40e+01 
  85    2  3.24e-12  1.63e+02  1.63e+02  0.00e+00  0.00e+00  0.00e+00  8.40e+01 
  86    1  9.41e-13  1.63e+02  1.63e+02  0.00e+00  0.00e+00  0.00e+00  8.50e+01 
  87    1  1.49e+01  1.78e+02  1.63e+02  0.00e+00  0.00e+00  0.00e+00  8.60e+01 
  87    2  1.15e-13  1.63e+02  1.63e+02  0.00e+00  0.00e+00  0.00e+00  8.60e+01 
  88    1  1.28e-13  1.64e+02  1.64e+02  0.00e+00  0.00e+00  0.00e+00  8.70e+01 
  89    1  1.49e+01  1.78e+02  1.64e+02  0.00e+00  0.00e+00  0.00e+00  8.80e+01 
  89    2  1.54e-13  1.64e+02  1.64e+02  0.00e+00  0.00e+00  0.00e+00  8.80e+01 
  90    1  1.49e+01  1.78e+02  1.64e+02  0.00e+00  0.00e+00  0.00e+00  8.90e+01 
  90    2  2.36e-12  1.64e+02  1.64e+02  0.00e+00  0.00e+00  0.00e+00  8.90e+01 
  91    1  7.22e-13  1.64e+02  1.64e+02  0.00e+00  0.00e+00  0.00e+00  9.00e+01 
  92    1  1.49e+01  1.79e+02  1.64e+02  0.00e+00  0.00e+00  0.00e+00  9.10e+01 
  92    2  1.54e-13  1.64e+02  1.64e+02  0.00e+00  0.00e+00  0.00e+00  9.10e+01 
  93    1  7.33e-13  1.64e+02  1.64e+02  0.00e+00  0.00e+00  0.00e+00  9.20e+01 
  94    1  1.49e+01  1.79e+02  1.64e+02  0.00e+00  0.00e+00  0.00e+00  9.30e+01 
  94    2  7.65e-14  1.64e+02  1.64e+02  0.00e+00  0.00e+00  0.00e+00  9.30e+01 
  95    1  1.55e+01  1.70e+02  1.58e+02  0.00e+00  0.00e+00  0.00e+00  9.40e+01 
  95    2  1.54e-13  1.64e+02  1.64e+02  0.00e+00  0.00e+00  0.00e+00  9.40e+01 
  96    1  5.10e+00  1.70e+02  1.66e+02  0.00e+00  0.00e+00  0.00e+00  9.50e+01 
  96    2  2.37e-12  1.64e+02  1.64e+02  0.00e+00  0.00e+00  0.00e+00  9.50e+01 
  97    1  1.49e+01  1.79e+02  1.64e+02  0.00e+00  0.00e+00  0.00e+00  9.60e+01 
  97    2  6.75e-13  1.64e+02  1.64e+02  0.00e+00  0.00e+00  0.00e+00  9.60e+01 
  98    1  1.42e-13  1.64e+02  1.64e+02  0.00e+00  0.00e+00  0.00e+00  9.70e+01 
  99    1  1.49e+01  1.79e+02  1.64e+02  0.00e+00  0.00e+00  0.00e+00  9.80e+01 
  99    2  6.63e-13  1.64e+02  1.64e+02  0.00e+00  0.00e+00  0.00e+00  9.80e+01 
 100    1  1.49e+01  1.79e+02  1.64e+02  0.00e+00  0.00e+00  0.00e+00  9.90e+01 
 100    2  2.34e-12  1.64e+02  1.64e+02  0.00e+00  0.00e+00  0.00e+00  9.90e+01 
 101    1  7.06e-13  1.64e+02  1.64e+02  0.00e+00  0.00e+00  0.00e+00  1.00e+02 
 102    1  1.49e+01  1.79e+02  1.64e+02  0.00e+00  0.00e+00  0.00e+00  1.01e+02 
 102    2  9.04e-13  1.64e+02  1.64e+02  0.00e+00  0.00e+00  0.00e+00  1.01e+02 
 103    1  1.55e+01  1.70e+02  1.59e+02  0.00e+00  0.00e+00  0.00e+00  1.02e+02 
 103    2  1.53e-13  1.64e+02  1.64e+02  0.00e+00  0.00e+00  0.00e+00  1.02e+02 
 104    1  5.10e+00  1.70e+02  1.66e+02  0.00e+00  0.00e+00  0.00e+00  1.03e+02 
 104    2  2.34e-12  1.64e+02  1.64e+02  0.00e+00  0.00e+00  0.00e+00  1.03e+02 
 105    1  1.49e+01  1.79e+02  1.64e+02  0.00e+00  0.00e+00  0.00e+00  1.04e+02 
 105    2  1.26e-12  1.64e+02  1.64e+02  0.00e+00  0.00e+00  0.00e+00  1.04e+02 
 106    1  3.00e-12  1.64e+02  1.64e+02  0.00e+00  0.00e+00  0.00e+00  1.05e+02 
 107    1  1.49e+01  1.79e+02  1.64e+02  0.00e+00  0.00e+00  0.00e+00  1.06e+02 
 107    2  1.26e-12  1.64e+02  1.64e+02  0.00e+00  0.00e+00  0.00e+00  1.06e+02 
 108    1  1.49e+01  1.79e+02  1.65e+02  0.00e+00  0.00e+00  0.00e+00  1.07e+02 
 108    2  2.98e-12  1.65e+02  1.65e+02  0.00e+00  0.00e+00  0.00e+00  1.07e+02 
 109    1  3.83e-13  1.65e+02  1.65e+02  0.00e+00  0.00e+00  0.00e+00  1.08e+02 
 110    1  1.49e+01  1.80e+02  1.65e+02  0.00e+00  0.00e+00  0.00e+00  1.09e+02 
 110    2  2.12e-12  1.65e+02  1.65e+02  0.00e+00  0.00e+00  0.00e+00  1.09e+02 
 111    1  1.29e-12  1.65e+02  1.65e+02  0.00e+00  0.00e+00  0.00e+00  1.10e+02 
 112    1  5.10e+00  1.71e+02  1.66e+02  0.00e+00  0.00e+00  0.00e+00  1.11e+02 
 112    2  3.01e-12  1.65e+02  1.65e+02  0.00e+00  0.00e+00  0.00e+00  1.11e+02 
 113    1  1.49e+01  1.80e+02  1.65e+02  0.00e+00  0.00e+00  0.00e+00  1.12e+02 
 113    2  4.07e-13  1.65e+02  1.65e+02  0.00e+00  0.00e+00  0.00e+00  1.12e+02 
 114    1  4.38e-13  1.65e+02  1.65e+02  0.00e+00  0.00e+00  0.00e+00  1.13e+02 
 115    1  1.49e+01  1.80e+02  1.65e+02  0.00e+00  0.00e+00  0.00e+00  1.14e+02 
 115    2  1.49e-12  1.65e+02  1.65e+02  0.00e+00  0.00e+00  0.00e+00  1.14e+02 
 116    1  1.55e+01  1.71e+02  1.59e+02  0.00e+00  0.00e+00  0.00e+00  1.15e+02 
 116    2  4.49e-13  1.65e+02  1.65e+02  0.00e+00  0.00e+00  0.00e+00  1.15e+02 
 117    1  5.10e+00  1.71e+02  1.67e+02  0.00e+00  0.00e+00  0.00e+00  1.16e+02 
 117    2  3.80e-12  1.65e+02  1.65e+02  0.00e+00  0.00e+00  0.00e+00  1.16e+02 
 118    1  1.49e+01  1.80e+02  1.65e+02  0.00e+00  0.00e+00  0.00e+00  1.17e+02 
 118    2  4.63e-12  1.65e+02  1.65e+02  0.00e+00  0.00e+00  0.00e+00  1.17e+02 
 119    1  4.09e-13  1.65e+02  1.65e+02  0.00e+00  0.00e+00  0.00e+00  1.18e+02 
 120    1  1.49e+01  1.80e+02  1.65e+02  0.00e+00  0.00e+00  0.00e+00  1.19e+02 
 120    2  2.25e-12  1.65e+02  1.65e+02  0.00e+00  0.00e+00  0.00e+00  1.19e+02 
 121    1  1.55e+01  1.71e+02  1.60e+02  0.00e+00  0.00e+00  0.00e+00  1.20e+02 
 121    2  1.28e-12  1.65e+02  1.65e+02  0.00e+00  0.00e+00  0.00e+00  1.20e+02 
 122    1  5.10e+00  1.71e+02  1.67e+02  0.00e+00  0.00e+00  0.00e+00  1.21e+02 
 122    2  3.77e-12  1.65e+02  1.65e+02  0.00e+00  0.00e+00  0.00e+00  1.21e+02 
 123    1  1.49e+01  1.80e+02  1.65e+02  0.00e+00  0.00e+00  0.00e+00  1.22e+02 
 123    2  3.77e-12  1.65e+02  1.65e+02  0.00e+00  0.00e+00  0.00e+00  1.22e+02 
 124    1  4.55e-13  1.65e+02  1.65e+02  0.00e+00  0.00e+00  0.00e+00  1.23e+02 
 125    1  1.49e+01  1.80e+02  1.65e+02  0.00e+00  0.00e+00  0.00e+00  1.24e+02 
 125    2  1.29e-12  1.65e+02  1.65e+02  0.00e+00  0.00e+00  0.00e+00  1.24e+02 
 126    1  1.49e+01  1.80e+02  1.65e+02  0.00e+00  0.00e+00  0.00e+00  1.25e+02 
 126    2  4.58e-13  1.65e+02  1.65e+02  0.00e+00  0.00e+00  0.00e+00  1.25e+02 
 127    1  3.46e-13  1.66e+02  1.66e+02  0.00e+00  0.00e+00  0.00e+00  1.26e+02 
 128    1  1.49e+01  1.80e+02  1.66e+02  0.00e+00  0.00e+00  0.00e+00  1.27e+02 
 128    2  1.78e-13  1.66e+02  1.66e+02  0.00e+00  0.00e+00  0.00e+00  1.27e+02 
 129    1  1.55e+01  1.72e+02  1.60e+02  0.00e+00  0.00e+00  0.00e+00  1.28e+02 
 129    2  5.01e-13  1.66e+02  1.66e+02  0.00e+00  0.00e+00  0.00e+00  1.28e+02 
 130    1  5.10e+00  1.72e+02  1.67e+02  0.00e+00  0.00e+00  0.00e+00  1.29e+02 
 130    2  1.32e-12  1.66e+02  1.66e+02  0.00e+00  0.00e+00  0.00e+00  1.29e+02 
 131    1  1.49e+01  1.81e+02  1.66e+02  0.00e+00  0.00e+00  0.00e+00  1.30e+02 
 131    2  2.97e-12  1.66e+02  1.66e+02  0.00e+00  0.00e+00  0.00e+00  1.30e+02 
 132    1  4.84e-13  1.66e+02  1.66e+02  0.00e+00  0.00e+00  0.00e+00  1.31e+02 
 133    1  1.49e+01  1.81e+02  1.66e+02  0.00e+00  0.00e+00  0.00e+00  1.32e+02 
 133    2  2.12e-12  1.66e+02  1.66e+02  0.00e+00  0.00e+00  0.00e+00  1.32e+02 
 134    1  1.43e-12  1.66e+02  1.66e+02  0.00e+00  0.00e+00  0.00e+00  1.33e+02 
 135    1  5.10e+00  1.72e+02  1.68e+02  0.00e+00  0.00e+00  0.00e+00  1.34e+02 
 135    2  2.92e-12  1.66e+02  1.66e+02  0.00e+00  0.00e+00  0.00e+00  1.34e+02 
 136    1  4.04e-13  1.66e+02  1.66e+02  0.00e+00  0.00e+00  0.00e+00  1.35e+02 
 137    1  1.33e-12  1.66e+02  1.66e+02  0.00e+00  0.00e+00  0.00e+00  1.36e+02 
 138    1  3.24e-13  1.66e+02  1.66e+02  0.00e+00  0.00e+00  0.00e+00  1.37e+02 
 139    1  1.49e+01  1.81e+02  1.66e+02  0.00e+00  0.00e+00  0.00e+00  1.38e+02 
 139    2  3.16e-12  1.66e+02  1.66e+02  0.00e+00  0.00e+00  0.00e+00  1.38e+02 
 140    1  1.55e+01  1.72e+02  1.61e+02  0.00e+00  0.00e+00  0.00e+00  1.39e+02 
 140    2  1.56e-12  1.66e+02  1.66e+02  0.00e+00  0.00e+00  0.00e+00  1.39e+02 
 141    1  1.49e+01  1.81e+02  1.66e+02  0.00e+00  0.00e+00  0.00e+00  1.40e+02 
 141    2  4.42e-12  1.66e+02  1.66e+02  0.00e+00  0.00e+00  0.00e+00  1.40e+02 
 142    1  5.10e+00  1.72e+02  1.68e+02  0.00e+00  0.00e+00  0.00e+00  1.41e+02 
 142    2  1.23e-12  1.66e+02  1.66e+02  0.00e+00  0.00e+00  0.00e+00  1.41e+02 
 143    1  1.27e-12  1.66e+02  1.66e+02  0.00e+00  0.00e+00  0.00e+00  1.42e+02 
 144    1  3.06e-13  1.66e+02  1.66e+02  0.00e+00  0.00e+00  0.00e+00  1.43e+02 
 145    1  1.49e+01  1.81e+02  1.66e+02  0.00e+00  0.00e+00  0.00e+00  1.44e+02 
 145    2  3.31e-13  1.66e+02  1.66e+02  0.00e+00  0.00e+00  0.00e+00  1.44e+02 
 146    1  1.49e+01  1.81e+02  1.67e+02  0.00e+00  0.00e+00  0.00e+00  1.45e+02 
 146    2  1.54e-13  1.67e+02  1.67e+02  0.00e+00  0.00e+00  0.00e+00  1.45e+02 
 147    1  1.55e+01  1.73e+02  1.61e+02  0.00e+00  0.00e+00  0.00e+00  1.46e+02 
 147    2  1.04e-12  1.67e+02  1.67e+02  0.00e+00  0.00e+00  0.00e+00  1.46e+02 
 148    1  5.10e+00  1.73e+02  1.68e+02  0.00e+00  0.00e+00  0.00e+00  1.47e+02 
 148    2  4.53e-13  1.67e+02  1.67e+02  0.00e+00  0.00e+00  0.00e+00  1.47e+02 
 149    1  1.08e-12  1.67e+02  1.67e+02  0.00e+00  0.00e+00  0.00e+00  1.48e+02 
 150    1  5.10e+00  1.73e+02  1.68e+02  0.00e+00  0.00e+00  0.00e+00  1.49e+02 
 150    2  2.94e-12  1.67e+02  1.67e+02  0.00e+00  0.00e+00  0.00e+00  1.49e+02 
 151    1  1.64e-12  1.67e+02  1.67e+02  0.00e+00  0.00e+00  0.00e+00  1.50e+02 
 152    1  5.10e+00  1.73e+02  1.69e+02  0.00e+00  0.00e+00  0.00e+00  1.51e+02 
 152    2  1.66e-12  1.67e+02  1.67e+02  0.00e+00  0.00e+00  0.00e+00  1.51e+02 
 153    1  5.10e+00  1.73e+02  1.69e+02  0.00e+00  0.00e+00  0.00e+00  1.52e+02 
 153    2  5.43e-12  1.67e+02  1.67e+02  0.00e+00  0.00e+00  0.00e+00  1.52e+02 
 154    1  1.55e+01  1.73e+02  1.61e+02  0.00e+00  0.00e+00  0.00e+00  1.53e+02 
 154    2  4.10e-13  1.67e+02  1.67e+02  0.00e+00  0.00e+00  0.00e+00  1.53e+02 
 155    1  1.55e+01  1.73e+02  1.61e+02  0.00e+00  0.00e+00  0.00e+00  1.54e+02 
 155    2  3.18e-14  1.67e+02  1.67e+02  0.00e+00  0.00e+00  0.00e+00  1.54e+02 
 156    1  5.10e+00  1.73e+02  1.69e+02  0.00e+00  0.00e+00  0.00e+00  1.55e+02 
 156    2  3.36e-12  1.67e+02  1.67e+02  0.00e+00  0.00e+00  0.00e+00  1.55e+02 
 157    1  5.10e+00  1.73e+02  1.69e+02  0.00e+00  0.00e+00  0.00e+00  1.56e+02 
 157    2  3.36e-12  1.67e+02  1.67e+02  0.00e+00  0.00e+00  0.00e+00  1.56e+02 
 158    1  5.10e+00  1.73e+02  1.69e+02  0.00e+00  0.00e+00  0.00e+00  1.57e+02 
 158    2  5.43e-12  1.67e+02  1.67e+02  0.00e+00  0.00e+00  0.00e+00  1.57e+02 
 159    1  1.55e+01  1.73e+02  1.62e+02  0.00e+00  0.00e+00  0.00e+00  1.58e+02 
 159    2  2.09e-12  1.67e+02  1.67e+02  0.00e+00  0.00e+00  0.00e+00  1.58e+02 
 160    1  1.55e+01  1.73e+02  1.62e+02  0.00e+00  0.00e+00  0.00e+00  1.59e+02 
 160    2  2.09e-12  1.67e+02  1.67e+02  0.00e+00  0.00e+00  0.00e+00  1.59e+02 
 161    1  1.49e+01  1.82e+02  1.67e+02  0.00e+00  0.00e+00  0.00e+00  1.60e+02 
 161    2  1.68e-12  1.67e+02  1.67e+02  0.00e+00  0.00e+00  0.00e+00  1.60e+02 
 162    1  5.10e+00  1.73e+02  1.69e+02  0.00e+00  0.00e+00  0.00e+00  1.61e+02 
 162    2  3.38e-12  1.67e+02  1.67e+02  0.00e+00  0.00e+00  0.00e+00  1.61e+02 
 163    1  5.10e+00  1.73e+02  1.69e+02  0.00e+00  0.00e+00  0.00e+00  1.62e+02 
 163    2  3.79e-12  1.67e+02  1.67e+02  0.00e+00  0.00e+00  0.00e+00  1.62e+02 
 164    1  1.55e+01  1.73e+02  1.62e+02  0.00e+00  0.00e+00  0.00e+00  1.63e+02 
 164    2  4.10e-13  1.67e+02  1.67e+02  0.00e+00  0.00e+00  0.00e+00  1.63e+02 
 165    1  1.55e+01  1.73e+02  1.62e+02  0.00e+00  0.00e+00  0.00e+00  1.64e+02 
 165    2  5.46e-13  1.68e+02  1.68e+02  0.00e+00  0.00e+00  0.00e+00  1.64e+02 
 166    1  1.49e+01  1.82e+02  1.68e+02  0.00e+00  0.00e+00  0.00e+00  1.65e+02 
 166    2  3.35e-12  1.68e+02  1.68e+02  0.00e+00  0.00e+00  0.00e+00  1.65e+02 
 167    1  5.10e+00  1.74e+02  1.69e+02  0.00e+00  0.00e+00  0.00e+00  1.66e+02 
 167    2  3.37e-12  1.68e+02  1.68e+02  0.00e+00  0.00e+00  0.00e+00  1.66e+02 
 168    1  5.10e+00  1.74e+02  1.69e+02  0.00e+00  0.00e+00  0.00e+00  1.67e+02 
 168    2  7.15e-12  1.68e+02  1.68e+02  0.00e+00  0.00e+00  0.00e+00  1.67e+02 
 169    1  1.55e+01  1.74e+02  1.62e+02  0.00e+00  0.00e+00  0.00e+00  1.68e+02 
 169    2  2.13e-12  1.68e+02  1.68e+02  0.00e+00  0.00e+00  0.00e+00  1.68e+02 
 170    1  1.55e+01  1.74e+02  1.62e+02  0.00e+00  0.00e+00  0.00e+00  1.69e+02 
 170    2  1.25e-12  1.68e+02  1.68e+02  0.00e+00  0.00e+00  0.00e+00  1.69e+02 
 171    1  1.49e+01  1.83e+02  1.68e+02  0.00e+00  0.00e+00  0.00e+00  1.70e+02 
 171    2  1.42e-14  1.68e+02  1.68e+02  0.00e+00  0.00e+00  0.00e+00  1.70e+02 
 172    1  5.10e+00  1.74e+02  1.70e+02  0.00e+00  0.00e+00  0.00e+00  1.71e+02 
 172    2  1.67e-12  1.68e+02  1.68e+02  0.00e+00  0.00e+00  0.00e+00  1.71e+02 
 173    1  5.10e+00  1.74e+02  1.70e+02  0.00e+00  0.00e+00  0.00e+00  1.72e+02 
 173    2  3.66e-12  1.68e+02  1.68e+02  0.00e+00  0.00e+00  0.00e+00  1.72e+02 
 174    1  1.55e+01  1.74e+02  1.62e+02  0.00e+00  0.00e+00  0.00e+00  1.73e+02 
 174    2  1.27e-12  1.68e+02  1.68e+02  0.00e+00  0.00e+00  0.00e+00  1.73e+02 
 175    1  1.55e+01  1.74e+02  1.62e+02  0.00e+00  0.00e+00  0.00e+00  1.74e+02 
 175    2  3.83e-13  1.68e+02  1.68e+02  0.00e+00  0.00e+00  0.00e+00  1.74e+02 
 176    1  1.49e+01  1.83e+02  1.68e+02  0.00e+00  0.00e+00  0.00e+00  1.75e+02 
 176    2  1.66e-12  1.68e+02  1.68e+02  0.00e+00  0.00e+00  0.00e+00  1.75e+02 
 177    1  5.10e+00  1.74e+02  1.70e+02  0.00e+00  0.00e+00  0.00e+00  1.76e+02 
 177    2  1.68e-12  1.68e+02  1.68e+02  0.00e+00  0.00e+00  0.00e+00  1.76e+02 
 178    1  5.10e+00  1.74e+02  1.70e+02  0.00e+00  0.00e+00  0.00e+00  1.77e+02 
 178    2  5.42e-12  1.68e+02  1.68e+02  0.00e+00  0.00e+00  0.00e+00  1.77e+02 
 179    1  1.55e+01  1.74e+02  1.63e+02  0.00e+00  0.00e+00  0.00e+00  1.78e+02 
 179    2  2.08e-12  1.68e+02  1.68e+02  0.00e+00  0.00e+00  0.00e+00  1.78e+02 
 180    1  1.55e+01  1.74e+02  1.63e+02  0.00e+00  0.00e+00  0.00e+00  1.79e+02 
 180    2  3.94e-13  1.68e+02  1.68e+02  0.00e+00  0.00e+00  0.00e+00  1.79e+02 
 181    1  1.55e+01  1.74e+02  1.63e+02  0.00e+00  0.00e+00  0.00e+00  1.80e+02 
 181    2  0.00e+00  1.68e+02  1.68e+02  0.00e+00  0.00e+00  0.00e+00  1.80e+02 
 181    3  0.00e+00  1.68e+02  1.68e+02  0.00e+00  0.00e+00  0.00e+00  1.80e+02 
 182    1  5.10e+00  1.74e+02  1.70e+02  0.00e+00  0.00e+00  0.00e+00  1.81e+02 
 182    2  3.38e-12  1.68e+02  1.68e+02  0.00e+00  0.00e+00  0.00e+00  1.81e+02 
 183    1  5.10e+00  1.74e+02  1.70e+02  0.00e+00  0.00e+00  0.00e+00  1.82e+02 
 183    2  5.44e-12  1.68e+02  1.68e+02  0.00e+00  0.00e+00  0.00e+00  1.82e+02 
 184    1  1.55e+01  1.74e+02  1.63e+02  0.00e+00  0.00e+00  0.00e+00  1.83e+02 
 184    2  3.95e-13  1.69e+02  1.69e+02  0.00e+00  0.00e+00  0.00e+00  1.83e+02 
 185    1  1.55e+01  1.75e+02  1.63e+02  0.00e+00  0.00e+00  0.00e+00  1.84e+02 
 185    2  3.81e-13  1.69e+02  1.69e+02  0.00e+00  0.00e+00  0.00e+00  1.84e+02 
 186    1  1.55e+01  1.75e+02  1.63e+02  0.00e+00  0.00e+00  0.00e+00  1.85e+02 
 186    2  1.42e-14  1.69e+02  1.69e+02  0.00e+00  0.00e+00  0.00e+00  1.85e+02 
 187    1  5.10e+00  1.75e+02  1.70e+02  0.00e+00  0.00e+00  0.00e+00  1.86e+02 
 187    2  3.32e-12  1.69e+02  1.69e+02  0.00e+00  0.00e+00  0.00e+00  1.86e+02 
 188    1  5.10e+00  1.75e+02  1.70e+02  0.00e+00  0.00e+00  0.00e+00  1.87e+02 
 188    2  3.35e-12  1.69e+02  1.69e+02  0.00e+00  0.00e+00  0.00e+00  1.87e+02 
 189    1  1.49e+01  1.84e+02  1.69e+02  0.00e+00  0.00e+00  0.00e+00  1.88e+02 
 189    2  2.12e-12  1.69e+02  1.69e+02  0.00e+00  0.00e+00  0.00e+00  1.88e+02 
 190    1  1.55e+01  1.75e+02  1.63e+02  0.00e+00  0.00e+00  0.00e+00  1.89e+02 
 190    2  4.20e-13  1.69e+02  1.69e+02  0.00e+00  0.00e+00  0.00e+00  1.89e+02 
 191    1  1.55e+01  1.75e+02  1.63e+02  0.00e+00  0.00e+00  0.00e+00  1.90e+02 
 191    2  1.64e-12  1.69e+02  1.69e+02  0.00e+00  0.00e+00  0.00e+00  1.90e+02 
 192    1  5.10e+00  1.75e+02  1.71e+02  0.00e+00  0.00e+00  0.00e+00  1.91e+02 
 192    2  5.04e-12  1.69e+02  1.69e+02  0.00e+00  0.00e+00  0.00e+00  1.91e+02 
 193    1  5.10e+00  1.75e+02  1.71e+02  0.00e+00  0.00e+00  0.00e+00  1.92e+02 
 193    2  3.69e-12  1.69e+02  1.69e+02  0.00e+00  0.00e+00  0.00e+00  1.92e+02 
 194    1  1.55e+01  1.75e+02  1.63e+02  0.00e+00  0.00e+00  0.00e+00  1.93e+02 
 194    2  2.08e-12  1.69e+02  1.69e+02  0.00e+00  0.00e+00  0.00e+00  1.93e+02 
 195    1  1.55e+01  1.75e+02  1.63e+02  0.00e+00  0.00e+00  0.00e+00  1.94e+02 
 195    2  3.95e-13  1.69e+02  1.69e+02  0.00e+00  0.00e+00  0.00e+00  1.94e+02 
 196    1  1.55e+01  1.75e+02  1.63e+02  0.00e+00  0.00e+00  0.00e+00  1.95e+02 
 196    2  1.66e-12  1.69e+02  1.69e+02  0.00e+00  0.00e+00  0.00e+00  1.95e+02 
 197    1  5.10e+00  1.75e+02  1.71e+02  0.00e+00  0.00e+00  0.00e+00  1.96e+02 
 197    2  3.35e-12  1.69e+02  1.69e+02  0.00e+00  0.00e+00  0.00e+00  1.96e+02 
 198    1  5.10e+00  1.75e+02  1.71e+02  0.00e+00  0.00e+00  0.00e+00  1.97e+02 
 198    2  3.66e-12  1.69e+02  1.69e+02  0.00e+00  0.00e+00  0.00e+00  1.97e+02 
 199    1  1.63e-12  1.69e+02  1.69e+02  0.00e+00  0.00e+00  0.00e+00  1.98e+02 
 200    1  5.10e+00  1.75e+02  1.71e+02  0.00e+00  0.00e+00  0.00e+00  1.99e+02 
 200    2  5.02e-12  1.69e+02  1.69e+02  0.00e+00  0.00e+00  0.00e+00  1.99e+02 
 201    1  5.10e+00  1.75e+02  1.71e+02  0.00e+00  0.00e+00  0.00e+00  2.00e+02 
 201    2  5.43e-12  1.69e+02  1.69e+02  0.00e+00  0.00e+00  0.00e+00  2.00e+02 
 202    1  1.55e+01  1.75e+02  1.64e+02  0.00e+00  0.00e+00  0.00e+00  2.01e+02 
 202    2  2.08e-12  1.69e+02  1.69e+02  0.00e+00  0.00e+00  0.00e+00  2.01e+02 
 203    1  1.55e+01  1.75e+02  1.64e+02  0.00e+00  0.00e+00  0.00e+00  2.02e+02 
 203    2  5.46e-13  1.70e+02  1.70e+02  0.00e+00  0.00e+00  0.00e+00  2.02e+02 
 204    1  1.49e+01  1.84e+02  1.70e+02  0.00e+00  0.00e+00  0.00e+00  2.03e+02 
 204    2  1.67e-12  1.70e+02  1.70e+02  0.00e+00  0.00e+00  0.00e+00  2.03e+02 
 205    1  5.10e+00  1.76e+02  1.71e+02  0.00e+00  0.00e+00  0.00e+00  2.04e+02 
 205    2  3.33e-12  1.70e+02  1.70e+02  0.00e+00  0.00e+00  0.00e+00  2.04e+02 
 206    1  5.10e+00  1.76e+02  1.71e+02  0.00e+00  0.00e+00  0.00e+00  2.05e+02 
 206    2  5.42e-12  1.70e+02  1.70e+02  0.00e+00  0.00e+00  0.00e+00  2.05e+02 
 207    1  1.55e+01  1.76e+02  1.64e+02  0.00e+00  0.00e+00  0.00e+00  2.06e+02 
 207    2  3.98e-13  1.70e+02  1.70e+02  0.00e+00  0.00e+00  0.00e+00  2.06e+02 
 208    1  1.55e+01  1.76e+02  1.64e+02  0.00e+00  0.00e+00  0.00e+00  2.07e+02 
 208    2  2.07e-12  1.70e+02  1.70e+02  0.00e+00  0.00e+00  0.00e+00  2.07e+02 
 209    1  1.49e+01  1.85e+02  1.70e+02  0.00e+00  0.00e+00  0.00e+00  2.08e+02 
 209    2  6.36e-14  1.70e+02  1.70e+02  0.00e+00  0.00e+00  0.00e+00  2.08e+02 
 210    1  5.10e+00  1.76e+02  1.72e+02  0.00e+00  0.00e+00  0.00e+00  2.09e+02 
 210    2  3.33e-12  1.70e+02  1.70e+02  0.00e+00  0.00e+00  0.00e+00  2.09e+02 
 211    1  5.10e+00  1.76e+02  1.72e+02  0.00e+00  0.00e+00  0.00e+00  2.10e+02 
 211    2  5.44e-12  1.70e+02  1.70e+02  0.00e+00  0.00e+00  0.00e+00  2.10e+02 
 212    1  1.55e+01  1.76e+02  1.64e+02  0.00e+00  0.00e+00  0.00e+00  2.11e+02 
 212    2  4.10e-13  1.70e+02  1.70e+02  0.00e+00  0.00e+00  0.00e+00  2.11e+02 
 213    1  1.55e+01  1.76e+02  1.64e+02  0.00e+00  0.00e+00  0.00e+00  2.12e+02 
 213    2  4.10e-13  1.70e+02  1.70e+02  0.00e+00  0.00e+00  0.00e+00  2.12e+02 
 214    1  1.49e+01  1.85e+02  1.70e+02  0.00e+00  0.00e+00  0.00e+00  2.13e+02 
 214    2  1.66e-12  1.70e+02  1.70e+02  0.00e+00  0.00e+00  0.00e+00  2.13e+02 
 215    1  5.10e+00  1.76e+02  1.72e+02  0.00e+00  0.00e+00  0.00e+00  2.14e+02 
 215    2  3.35e-12  1.70e+02  1.70e+02  0.00e+00  0.00e+00  0.00e+00  2.14e+02 
 216    1  5.10e+00  1.76e+02  1.72e+02  0.00e+00  0.00e+00  0.00e+00  2.15e+02 
 216    2  3.65e-12  1.70e+02  1.70e+02  0.00e+00  0.00e+00  0.00e+00  2.15e+02 
 217    1  1.55e+01  1.76e+02  1.65e+02  0.00e+00  0.00e+00  0.00e+00  2.16e+02 
 217    2  3.98e-13  1.70e+02  1.70e+02  0.00e+00  0.00e+00  0.00e+00  2.16e+02 
 218    1  1.55e+01  1.76e+02  1.65e+02  0.00e+00  0.00e+00  0.00e+00  2.17e+02 
 218    2  3.59e-13  1.70e+02  1.70e+02  0.00e+00  0.00e+00  0.00e+00  2.17e+02 
 219    1  1.49e+01  1.85e+02  1.70e+02  0.00e+00  0.00e+00  0.00e+00  2.18e+02 
 219    2  1.66e-12  1.70e+02  1.70e+02  0.00e+00  0.00e+00  0.00e+00  2.18e+02 
 220    1  5.10e+00  1.76e+02  1.72e+02  0.00e+00  0.00e+00  0.00e+00  2.19e+02 
 220    2  3.38e-12  1.70e+02  1.70e+02  0.00e+00  0.00e+00  0.00e+00  2.19e+02 
 221    1  5.10e+00  1.76e+02  1.72e+02  0.00e+00  0.00e+00  0.00e+00  2.20e+02 
 221    2  3.64e-12  1.70e+02  1.70e+02  0.00e+00  0.00e+00  0.00e+00  2.20e+02 
 222    1  1.55e+01  1.76e+02  1.65e+02  0.00e+00  0.00e+00  0.00e+00  2.21e+02 
 222    2  2.09e-12  1.71e+02  1.71e+02  0.00e+00  0.00e+00  0.00e+00  2.21e+02 
 223    1  1.55e+01  1.77e+02  1.65e+02  0.00e+00  0.00e+00  0.00e+00  2.22e+02 
 223    2  3.94e-13  1.71e+02  1.71e+02  0.00e+00  0.00e+00  0.00e+00  2.22e+02 
 224    1  1.55e+01  1.77e+02  1.65e+02  0.00e+00  0.00e+00  0.00e+00  2.23e+02 
 224    2  1.66e-12  1.71e+02  1.71e+02  0.00e+00  0.00e+00  0.00e+00  2.23e+02 
 225    1  5.10e+00  1.77e+02  1.72e+02  0.00e+00  0.00e+00  0.00e+00  2.24e+02 
 225    2  3.38e-12  1.71e+02  1.71e+02  0.00e+00  0.00e+00  0.00e+00  2.24e+02 
 226    1  5.10e+00  1.77e+02  1.72e+02  0.00e+00  0.00e+00  0.00e+00  2.25e+02 
 226    2  1.66e-12  1.71e+02  1.71e+02  0.00e+00  0.00e+00  0.00e+00  2.25e+02 
 227    1  5.10e+00  1.77e+02  1.72e+02  0.00e+00  0.00e+00  0.00e+00  2.26e+02 
 227    2  3.77e-12  1.71e+02  1.71e+02  0.00e+00  0.00e+00  0.00e+00  2.26e+02 
 228    1  1.55e+01  1.77e+02  1.65e+02  0.00e+00  0.00e+00  0.00e+00  2.27e+02 
 228    2  4.10e-13  1.71e+02  1.71e+02  0.00e+00  0.00e+00  0.00e+00  2.27e+02 
 229    1  1.55e+01  1.77e+02  1.65e+02  0.00e+00  0.00e+00  0.00e+00  2.28e+02 
 229    2  1.71e-12  1.71e+02  1.71e+02  0.00e+00  0.00e+00  0.00e+00  2.28e+02 
 230    1  5.10e+00  1.77e+02  1.73e+02  0.00e+00  0.00e+00  0.00e+00  2.29e+02 
 230    2  3.34e-12  1.71e+02  1.71e+02  0.00e+00  0.00e+00  0.00e+00  2.29e+02 
 231    1  5.10e+00  1.77e+02  1.73e+02  0.00e+00  0.00e+00  0.00e+00  2.30e+02 
 231    2  1.65e-12  1.71e+02  1.71e+02  0.00e+00  0.00e+00  0.00e+00  2.30e+02 
 232    1  5.10e+00  1.77e+02  1.73e+02  0.00e+00  0.00e+00  0.00e+00  2.31e+02 
 232    2  7.13e-12  1.71e+02  1.71e+02  0.00e+00  0.00e+00  0.00e+00  2.31e+02 
 233    1  1.55e+01  1.77e+02  1.65e+02  0.00e+00  0.00e+00  0.00e+00  2.32e+02 
 233    2  4.10e-13  1.71e+02  1.71e+02  0.00e+00  0.00e+00  0.00e+00  2.32e+02 
 234    1  1.55e+01  1.77e+02  1.65e+02  0.00e+00  0.00e+00  0.00e+00  2.33e+02 
 234    2  3.18e-14  1.71e+02  1.71e+02  0.00e+00  0.00e+00  0.00e+00  2.33e+02 
 235    1  5.10e+00  1.77e+02  1.73e+02  0.00e+00  0.00e+00  0.00e+00  2.34e+02 
 235    2  3.37e-12  1.71e+02  1.71e+02  0.00e+00  0.00e+00  0.00e+00  2.34e+02 
 236    1  5.10e+00  1.77e+02  1.73e+02  0.00e+00  0.00e+00  0.00e+00  2.35e+02 
 236    2  1.97e-12  1.71e+02  1.71e+02  0.00e+00  0.00e+00  0.00e+00  2.35e+02 
 237    1  3.32e-13  1.71e+02  1.71e+02  0.00e+00  0.00e+00  0.00e+00  2.36e+02 
 238    1  1.55e+01  1.77e+02  1.66e+02  0.00e+00  0.00e+00  0.00e+00  2.37e+02 
 238    2  3.83e-13  1.71e+02  1.71e+02  0.00e+00  0.00e+00  0.00e+00  2.37e+02 
 239    1  1.55e+01  1.77e+02  1.66e+02  0.00e+00  0.00e+00  0.00e+00  2.38e+02 
 239    2  5.86e-13  1.71e+02  1.71e+02  0.00e+00  0.00e+00  0.00e+00  2.38e+02 
 240    1  1.49e+01  1.86e+02  1.71e+02  0.00e+00  0.00e+00  0.00e+00  2.39e+02 
 240    2  3.38e-12  1.71e+02  1.71e+02  0.00e+00  0.00e+00  0.00e+00  2.39e+02 
 241    1  5.10e+00  1.77e+02  1.73e+02  0.00e+00  0.00e+00  0.00e+00  2.40e+02 
 241    2  3.36e-12  1.71e+02  1.71e+02  0.00e+00  0.00e+00  0.00e+00  2.40e+02 
 242    1  5.10e+00  1.77e+02  1.73e+02  0.00e+00  0.00e+00  0.00e+00  2.41e+02 
 242    2  7.10e-12  1.72e+02  1.72e+02  0.00e+00  0.00e+00  0.00e+00  2.41e+02 
 243    1  1.55e+01  1.78e+02  1.66e+02  0.00e+00  0.00e+00  0.00e+00  2.42e+02 
 243    2  2.10e-12  1.72e+02  1.72e+02  0.00e+00  0.00e+00  0.00e+00  2.42e+02 
 244    1  1.55e+01  1.78e+02  1.66e+02  0.00e+00  0.00e+00  0.00e+00  2.43e+02 
 244    2  2.09e-12  1.72e+02  1.72e+02  0.00e+00  0.00e+00  0.00e+00  2.43e+02 
 245    1  1.49e+01  1.87e+02  1.72e+02  0.00e+00  0.00e+00  0.00e+00  2.44e+02 
 245    2  1.70e-12  1.72e+02  1.72e+02  0.00e+00  0.00e+00  0.00e+00  2.44e+02 
